0000   04 00 41 01 00 00 00 01 00 3a 01 00 00 00 00 02
0010   00 00 00 00 03 00 00 00 52 04 00 00 00 8b 05 00
0020   00 00 00 06 00 00 00 08 07 00 00 00 00 00 00 00
0030   00 08 00 00 00 00 00 00 00 00 0a 00 00 00 02 0b
0040   00 00 03 01

0000   04 00 41 01 00 00 00 02 00 3a 01 00 00 00 00 02
0010   00 00 00 01 03 00 00 00 52 04 00 00 00 8b 05 00
0020   00 00 00 06 00 00 00 08 07 00 00 00 00 00 00 00
0030   00 08 00 00 00 00 00 00 00 00 0a 00 00 00 02 0b
0040   00 00 03 01

0000   04 00 0f 02 00 00 00 01 00 08 00 73 75 63 63 65
0010   73 73

0000   04 00 0f 02 00 00 00 02 00 08 00 73 75 63 63 65
0010   73 73

0000   04 00 41 01 00 00 00 03 00 3a 01 00 00 00 00 02
0010   00 00 00 00 03 00 00 00 52 04 00 00 00 8b 05 00
0020   00 00 00 06 00 00 00 08 07 00 00 00 00 00 00 00
0030   00 08 00 00 00 00 00 00 00 00 0a 00 00 00 02 0b
0040   00 00 03 01

0000   04 00 41 01 00 00 00 04 00 3a 01 00 00 00 00 02
0010   00 00 00 01 03 00 00 00 52 04 00 00 00 8b 05 00
0020   00 00 00 06 00 00 00 08 07 00 00 00 00 00 00 00
0030   00 08 00 00 00 00 00 00 00 00 0a 00 00 00 02 0b
0040   00 00 03 01

0000   04 00 0f 02 00 00 00 03 00 08 00 73 75 63 63 65
0010   73 73

0000   04 00 0f 02 00 00 00 04 00 08 00 73 75 63 63 65
0010   73 73



0000   04 00 41 01 00 00 00 05 00 3a 01 00 00 00 00 02
0010   00 00 00 00 03 00 00 00 42 04 00 00 00 1c 05 00
0020   00 00 00 06 00 00 00 08 07 00 00 00 00 00 00 00
0030   00 08 00 00 00 00 00 00 00 00 0a 00 00 00 02 0b
0040   00 00 03 01

0000   04 00 41 01 00 00 00 06 00 3a 01 00 00 00 00 02
0010   00 00 00 01 03 00 00 00 42 04 00 00 00 1c 05 00
0020   00 00 00 06 00 00 00 08 07 00 00 00 00 00 00 00
0030   00 08 00 00 00 00 00 00 00 00 0a 00 00 00 02 0b
0040   00 00 03 01

0000   04 00 0f 02 00 00 00 05 00 08 00 73 75 63 63 65
0010   73 73

0000   04 00 0f 02 00 00 00 06 00 08 00 73 75 63 63 65
0010   73 73

0000   04 00 41 01 00 00 00 07 00 3a 01 00 00 00 00 02
0010   00 00 00 00 03 00 00 00 42 04 00 00 00 1c 05 00
0020   00 00 00 06 00 00 00 08 07 00 00 00 00 00 00 00
0030   00 08 00 00 00 00 00 00 00 00 0a 00 00 00 02 0b
0040   00 00 03 01

0000   04 00 41 01 00 00 00 08 00 3a 01 00 00 00 00 02
0010   00 00 00 01 03 00 00 00 42 04 00 00 00 1c 05 00
0020   00 00 00 06 00 00 00 08 07 00 00 00 00 00 00 00
0030   00 08 00 00 00 00 00 00 00 00 0a 00 00 00 02 0b
0040   00 00 03 01

0000   04 00 0f 02 00 00 00 07 00 08 00 73 75 63 63 65
0010   73 73

0000   04 00 0f 02 00 00 00 08 00 08 00 73 75 63 63 65
0010   73 73